-
0
-0.128868 0.5
-0.10825 0.49095
-0.0567032 0.472851
0.0360803 0.432128
0.159792 0.382355
0.427835 0.251134
0.469072 0.22851
0.5 0.214935
0.489691 0.214935
0.469072 0.214935
0.376289 0.214935
0.304124 0.214935
0.0567024 0.214935
-0.0979376 0.22851
-0.231958 0.23756
-0.34536 0.255659
-0.469072 0.287333
-0.499999 0.305433
-0.499999 0.309957
-0.5 0.319007
-0.48969 0.323532
-0.458763 0.341631
-0.407216 0.364255
-0.35567 0.38688
-0.221651 0.441178
-0.139178 0.477376
-0.128868 0.477376
-0.118559 0.481901
-0.118559 0.477376
-0.118558 0.472851
-0.118558 0.382355
-0.118556 0.300907
-0.139174 0.165162
-0.159791 -0.011308
-0.190717 -0.16063
-0.211335 -0.287328
-0.231952 -0.436651
-0.231952 -0.49095
-0.231952 -0.495475
-0.231952 -0.5
-
0
-0.0948306 0.5
-0.103451 0.493197
-0.120692 0.482993
-0.155175 0.462586
-0.215519 0.425172
-0.310346 0.384356
-0.439655 0.326534
-0.474138 0.306126
-0.5 0.295922
-0.5 0.292521
-0.49138 0.292521
-0.465517 0.292521
-0.413793 0.299323
-0.344828 0.302725
0.249999 0.31633
0.448276 0.31633
0.465517 0.31633
0.491379 0.31633
0.5 0.31633
0.482758 0.319731
0.448276 0.329935
0.396551 0.340139
0.318964 0.357145
0.224136 0.370751
0.13793 0.397961
-0.0431058 0.448981
-0.0862095 0.469388
-0.120692 0.482993
-0.137934 0.493197
-0.146555 0.496599
-0.146555 0.489796
-0.146554 0.465987
-0.129312 0.414968
-0.12069 0.299323
-0.0862041 0.102046
-0.0862007 -0.0816274
-0.086198 -0.238091
-0.0861967 -0.350337
-0.0861953 -0.414964
-0.0861947 -0.455781
-0.0948151 -0.479591
-0.0948151 -0.493197
-0.0948151 -0.496599
-0.0948145 -0.5
-
0
0.122456 -0.5
0.102047 -0.410713
0.0918419 -0.333332
0.0816348 3.02759e-006
0.0612247 0.148812
0.0612239 0.24405
0.0510185 0.39881
0.03061 0.488095
0.03061 0.5
0.03061 0.482143
0.0510177 0.464286
0.0816309 0.446429
0.132651 0.39881
0.285713 0.315478
0.448979 0.232145
0.469388 0.22024
0.489796 0.208336
0.5 0.208336
0.469389 0.190479
0.428572 0.172621
0.0612255 0.0714316
-0.459184 0.00595528
-0.489796 0.01786
-0.5 0.01786
-0.479592 0.0535742
-0.418367 0.0952409
-0.346939 0.154765
-0.234694 0.24405
0.0204061 0.440477
0.0612223 0.476191
0.0714262 0.488095
0.0714262 0.494048
0.0714262 0.488095
-
0
-0.0274766 0.5
-0.0384645 0.495902
-0.0714316 0.483607
-0.104399 0.463115
-0.247254 0.393444
-0.324177 0.356559
-0.401099 0.33197
-0.5 0.295085
-0.5 0.290987
-0.291209 0.286888
-0.159342 0.28279
0.126374 0.28279
0.335164 0.28279
0.39011 0.28279
0.423076 0.28279
0.456043 0.28279
0.467033 0.28279
0.48901 0.28279
0.5 0.28279
0.456043 0.303281
0.390108 0.323773
0.324174 0.344265
0.159337 0.385248
0.093404 0.413936
-0.0164861 0.463115
-0.0604429 0.479508
-0.0824212 0.487705
-0.0824212 0.491804
-0.09341 0.491804
-0.09341 0.487705
-0.09341 0.483607
-0.09341 0.47541
-0.0934091 0.459017
-0.0934091 0.418034
-0.0824195 0.360658
-0.0164793 -0.0368808
-0.0164767 -0.180324
-0.016475 -0.303276
-0.0164732 -0.434425
-0.0164732 -0.467213
-0.0164724 -0.487705
-0.0164724 -0.491803
-0.0164724 -0.495902
-0.0164715 -0.5
-
0
-0.0116231 -0.5
-0.0193748 -0.45614
-0.0271296 -0.228067
-0.0271308 -0.0263116
-0.0271326 0.162284
-0.0271351 0.412282
-0.0271351 0.460527
-0.0271357 0.5
-0.0271357 0.495614
-0.0271357 0.486842
-0.0271351 0.47807
-0.0503909 0.438598
-0.0891496 0.390353
-0.143412 0.32895
-0.244186 0.214916
-0.33721 0.131583
-0.406976 0.0614078
-0.5 -0.0263116
-0.5 -0.0306975
-0.46124 -0.0219257
-0.399224 -0.0131537
-0.174418 0.0131621
0.120155 0.0263202
0.321706 0.0263202
0.383722 0.0263202
0.468993 0.030706
0.492248 0.0350921
0.5 0.0350921
0.46124 0.0789516
0.391471 0.140355
0.337208 0.175442
0.282944 0.21053
0.213176 0.245617
0.0968959 0.315792
0.0503842 0.346493
-0.0193827 0.385967
-0.0348868 0.394738
-0.0348868 0.399124
-
0
-0.0959628 0.5
0.025249 0.459277
0.378786 0.278284
0.499999 0.196836
0.499999 0.187786
0.5 0.183261
0.479799 0.178737
0.439394 0.174212
0.308081 0.169687
0.196971 0.165162
0.0959604 0.165162
-0.0454536 0.165162
-0.166666 0.165162
-0.287878 0.178737
-0.358585 0.192311
-0.419191 0.201361
-0.459596 0.205886
-0.479798 0.21946
-0.489899 0.21946
-0.499999 0.233035
-0.5 0.251134
-0.469697 0.273758
-0.429294 0.300908
-0.378788 0.328057
-0.308082 0.355206
-0.227274 0.38688
-0.146467 0.414029
-0.0858612 0.432128
-0.0454576 0.445702
-0.0353561 0.450227
-0.0151546 0.454752
-0.00505392 0.454752
0.0151483 0.459277
0.0454505 0.468326
0.0454505 0.463801
0.0454513 0.454752
0.0353505 0.427603
-0.0151523 0.251134
-0.0555536 0.0746646
-0.0757518 -0.246603
-0.0757503 -0.368776
-0.0757495 -0.436651
-0.0757487 -0.47285
-0.0757487 -0.49095
-0.0757487 -0.495475
-0.0757487 -0.5
-
0
-0.00485766 0.5
-0.0242746 0.496048
-0.0436924 0.48419
-0.0728178 0.460475
-0.218447 0.385377
-0.383495 0.298422
-0.441747 0.270754
-0.480582 0.254944
-0.490291 0.247039
-0.5 0.243087
-0.480582 0.243087
-0.402912 0.243087
-0.218446 0.239134
-0.0922325 0.239134
0.0533986 0.239134
0.276699 0.227277
0.354369 0.219372
0.402913 0.215419
0.461165 0.215419
0.480583 0.215419
0.5 0.223324
0.5 0.231229
0.480582 0.239134
0.470873 0.250992
0.451456 0.262849
0.412621 0.286564
0.344659 0.306327
0.286407 0.322137
0.24757 0.337947
0.189318 0.353757
0.140775 0.365615
0.101939 0.385377
0.0825225 0.397235
0.043687 0.413045
0.0242693 0.42095
-0.0048569 0.43676
-0.0145654 0.43676
-0.0145646 0.401188
-0.0145639 0.274707
-0.00485006 -0.0494024
0.0242807 -0.385374
0.0339907 -0.440711
0.0534092 -0.488142
0.0631184 -0.5
-
0
0.0799982 0.462501
0.0999985 0.450001
0.149998 0.425001
0.289999 0.354169
0.36 0.316669
0.46 0.258337
0.49 0.245837
0.5 0.24167
0.5 0.237504
0.47 0.237504
0.42 0.237504
0.25 0.233337
0.100001 0.22917
-0.0399991 0.22917
-0.27 0.225004
-0.34 0.237504
-0.41 0.245837
-0.5 0.27917
-0.499999 0.295836
-0.45 0.325003
-0.39 0.354169
-0.31 0.379169
-0.0700007 0.441668
0.0499981 0.470834
0.129998 0.4875
0.189997 0.495833
0.219997 0.5
0.229997 0.5
0.239998 0.5
0.239997 0.495833
0.209999 0.370835
0.16 0.21667
0.100005 -0.149996
0.0900057 -0.287497
0.070007 -0.433332
0.070007 -0.466666
0.070007 -0.483333
0.0700078 -0.495833
0.0700078 -0.5
-
0
0.0121938 0.5
0.0203237 0.5
0.0528445 0.489247
0.109755 0.474911
0.191055 0.446238
0.304877 0.406812
0.402438 0.374554
0.451219 0.353049
0.48374 0.338712
0.49187 0.335128
0.5 0.331544
0.47561 0.32796
0.369919 0.320792
0.272358 0.317207
0.150407 0.310039
-0.0284549 0.306455
-0.313008 0.295702
-0.459349 0.295702
-0.48374 0.295702
-0.5 0.302871
-0.5 0.306455
-0.49187 0.310039
-0.48374 0.313623
-0.451219 0.324376
-0.345528 0.367386
-0.264228 0.399643
-0.191057 0.431901
-0.0691068 0.474911
-0.0447165 0.482079
-0.0284561 0.489247
-0.0284561 0.485663
-0.0284568 0.474911
-0.0284561 0.453406
-0.0528457 0.392475
-0.0691048 0.245524
-0.0853639 0.0519762
-0.0853624 -0.152325
-0.0853617 -0.29928
-0.0853608 -0.44982
-0.0853604 -0.482079
-0.0853608 -0.492831
-0.0853604 -0.5
-
0
-0.0238064 -0.5
-0.0306089 -0.485646
-0.037412 -0.456937
-0.044215 -0.375596
-0.0442155 -0.246409
-0.0442171 -0.026312
-0.0442187 0.16986
-0.0442193 0.313399
-0.0442198 0.404308
-0.0374173 0.456938
-0.0374173 0.480862
-0.0374178 0.490431
-0.0374178 0.495215
-0.0374178 0.5
-0.0374178 0.495215
-0.0374178 0.490431
-0.0374173 0.480862
-0.0578259 0.456938
-0.105444 0.409092
-0.166668 0.342107
-0.261906 0.251199
-0.363946 0.179429
-0.42517 0.136367
-0.472789 0.112444
-0.493198 0.102875
-0.5 0.0980899
-0.472789 0.107659
-0.350341 0.131583
-0.255102 0.155506
0.0510196 0.16986
0.159863 0.16986
0.248298 0.16029
0.411564 0.136367
0.445577 0.126798
0.479591 0.122013
0.486394 0.122013
0.5 0.122013
0.486394 0.122013
0.431972 0.145937
0.391155 0.16986
0.248298 0.246415
0.173467 0.30383
0.112242 0.351677
0.0578206 0.394738
0.0102014 0.423446
-0.00340418 0.442585
-0.0170092 0.447369
-0.0170092 0.452154
-
0
0.0338955 0.466566
0.0254211 0.463527
-2.65259e-006 0.451369
-0.0423745 0.430093
-0.0847477 0.396659
-0.186442 0.344988
-0.31356 0.284199
-0.474576 0.208212
-0.5 0.196054
-0.5 0.193014
-0.5 0.189975
-0.491525 0.189975
-0.466101 0.189975
-0.415254 0.196054
-0.347458 0.202133
-0.245762 0.211251
-0.127118 0.21733
0.0169494 0.223409
0.271187 0.232528
0.364407 0.235567
0.423729 0.235567
0.457627 0.235567
0.466102 0.235567
0.483051 0.235567
0.491525 0.238606
0.5 0.238606
0.483051 0.247725
0.449152 0.256843
0.398304 0.269001
0.0508449 0.442251
0.0423699 0.478724
0.0423699 0.487842
0.0423699 0.493921
0.0423692 0.496961
0.0423692 0.5
0.0423699 0.490882
0.0423719 0.290278
0.0423745 0.107909
0.0423772 -0.0896599
0.0423805 -0.369298
0.0508569 -0.445288
0.0593319 -0.493921
0.0593319 -0.496961
0.0678069 -0.5
-
0
-0.203705 0.5
-0.222224 0.492754
-0.231483 0.481885
-0.268519 0.460146
-0.333334 0.431161
-0.37963 0.39493
-0.444444 0.362321
-0.481481 0.340583
-0.490741 0.329713
-0.5 0.322467
-0.5 0.318844
-0.425926 0.315221
-0.361111 0.311597
-0.277778 0.300728
-0.0277772 0.286235
0.101853 0.278989
0.277779 0.260873
0.342595 0.260873
0.388891 0.260873
0.462964 0.286235
0.490742 0.304351
0.5 0.351452
0.472221 0.38406
0.435184 0.409422
0.398147 0.434784
0.333331 0.460146
0.259257 0.474638
0.212961 0.485508
0.148147 0.492754
0.0833316 0.492754
0.0277758 0.492754
-0.00926124 0.489131
-0.0370385 0.481885
-0.0648157 0.463769
-0.101853 0.434784
-0.148149 0.38406
-0.194444 0.278989
-0.212961 0.141309
-0.21296 -0.0181108
-0.212959 -0.155792
-0.212958 -0.264489
-0.212957 -0.351447
-0.194438 -0.427535
-0.185178 -0.463767
-0.175919 -0.5
-
0
-0.0662659 0.447042
-0.0542175 0.440811
-0.0180728 0.431466
0.0903603 0.406544
0.222891 0.369162
0.439759 0.294396
0.487952 0.281935
0.5 0.27259
0.5 0.269475
0.451808 0.269475
0.36747 0.269475
0.246988 0.269475
-0.0662649 0.269475
-0.210843 0.263244
-0.331325 0.260129
-0.487951 0.260129
-0.5 0.260129
-0.5 0.26636
-0.5 0.27259
-0.439759 0.297512
-0.379518 0.325549
-0.271084 0.359816
0.00602301 0.443927
0.114456 0.475078
0.210841 0.5
0.222889 0.5
0.222889 0.496885
0.22289 0.487539
0.22289 0.437696
0.222891 0.387853
0.1747 0.129289
0.150605 -0.0233585
0.12651 -0.157315
0.102415 -0.288158
0.0662706 -0.384733
0.0662711 -0.434578
0.0421748 -0.490654
0.0421748 -0.496885
0.0421748 -0.5
-
0
-0.166668 0.5
-0.202382 0.496297
-0.238096 0.485186
-0.29762 0.462964
-0.345239 0.444446
-0.404762 0.422224
-0.440476 0.400002
-0.47619 0.381484
-0.488095 0.366669
-0.5 0.355558
-0.5 0.344447
-0.488095 0.318521
-0.464286 0.311114
-0.440476 0.30741
-0.285713 0.2963
-0.17857 0.2963
0.0595253 0.311114
0.178572 0.322225
0.27381 0.333336
0.416668 0.351854
0.440476 0.359262
0.488095 0.374076
0.5 0.381484
0.5 0.396298
0.47619 0.422224
0.440475 0.437038
0.380951 0.451853
0.321426 0.462964
0.226188 0.474075
0.142856 0.481482
0.0833325 0.485186
0.0238081 0.488889
-9.31568e-007 0.488889
-0.0119064 0.488889
-0.0119054 0.485186
-0.0119064 0.466667
-0.0238099 0.41852
-0.0357135 0.325929
-0.107138 -0.0592543
-0.154754 -0.351849
-0.166658 -0.414813
-0.178563 -0.466666
-0.178562 -0.492592
-0.178563 -0.5
-
0
-1.08683e-006 0.496416
0.0277764 0.482079
0.083332 0.464158
0.175925 0.428317
0.287036 0.385307
0.388888 0.338712
0.453703 0.310039
0.481481 0.292118
0.49074 0.28495
0.5 0.281365
0.5 0.277781
0.481481 0.274197
0.425926 0.267029
0.361112 0.263445
0.25 0.25986
0.12963 0.256276
-0.0277775 0.249108
-0.212963 0.238355
-0.342592 0.231187
-0.444445 0.224018
-0.481481 0.224018
-0.49074 0.224018
-0.5 0.224018
-0.5 0.227603
-0.425925 0.270613
-0.351851 0.310039
-0.24074 0.37097
-0.101853 0.45699
-0.0648158 0.482079
-0.0462973 0.5
-0.0370383 0.5
-0.037038 0.496416
-0.0185192 0.446238
0.00925903 0.37097
0.00926157 0.0233026
0.00926302 -0.163078
-0.0277738 -0.29928
-0.0833288 -0.456988
-0.0925885 -0.482079
-0.0925885 -0.496416
-0.0925882 -0.5
-
1
-0.472726 0.170887
-0.481817 0.183545
-0.481817 0.208861
-0.481817 0.234178
-0.481817 0.272153
-0.454545 0.373418
-0.427273 0.424051
-0.381818 0.487341
-0.354546 0.5
-0.336364 0.5
-0.3 0.5
-0.272728 0.5
-0.19091 0.386076
-0.145455 0.284811
-0.0818184 0.158228
0.00909204 -0.120253
0.0454559 -0.221518
0.100002 -0.322785
0.118184 -0.348101
0.136366 -0.373417
0.17273 -0.386076
0.190912 -0.386076
0.245457 -0.386076
0.300002 -0.360759
0.327275 -0.322784
0.372729 -0.28481
0.418184 -0.234176
0.445456 -0.196202
0.472728 -0.120253
0.49091 -0.0569606
0.5 -0.00632791
0.499998 0.132912
0.481816 0.196204
0.445453 0.284811
0.418179 0.335443
0.390907 0.373418
0.381815 0.398734
0.363633 0.398734
0.345452 0.398734
0.318179 0.398734
0.290906 0.398734
0.245452 0.386076
0.20909 0.335443
0.145454 0.272153
0.0999989 0.183545
0.0545451 0.0822791
0.00909133 -0.0189862
-0.0454538 -0.13291
-0.081817 -0.221518
-0.109089 -0.310126
-0.145453 -0.373417
-0.154543 -0.424051
-0.172725 -0.462025
-0.190907 -0.474684
-0.199998 -0.487342
-0.209088 -0.5
-0.22727 -0.5
-0.236361 -0.5
-0.254543 -0.5
-0.272726 -0.5
-0.290907 -0.5
-0.318179 -0.474684
-0.336361 -0.462025
-0.345453 -0.436709
-0.372726 -0.398734
-0.409089 -0.335442
-0.41818 -0.297468
-0.445453 -0.234177
-0.463635 -0.170885
-0.481817 -0.107594
-0.490908 -0.0316445
-0.499999 0.0443048
-0.499999 0.0949379
-0.499999 0.132912
-0.499999 0.170887
-0.499999 0.208861
-0.499999 0.246836
-0.499999 0.284811
-0.5 0.297469
-0.490909 0.297469
-0.481818 0.297469
-
1
-0.475609 0.137364
-0.467479 0.137364
-0.459349 0.115387
-0.459349 0.0824194
-0.418698 -0.0604374
-0.394308 -0.14835
-0.313007 -0.313186
-0.288617 -0.357142
-0.247966 -0.368131
-0.223576 -0.368131
-0.199186 -0.368131
-0.158535 -0.346153
-0.0772353 -0.225273
-0.0365857 -0.137361
0.00406458 -0.0494488
0.0365838 0.0494523
0.0609738 0.126375
0.0772334 0.203298
0.109753 0.302199
0.117883 0.335166
0.134143 0.357144
0.174793 0.39011
0.191053 0.39011
0.239833 0.39011
0.264223 0.39011
0.304874 0.368133
0.378045 0.236265
0.418696 0.137364
0.467478 -0.0494488
0.483739 -0.126372
0.491869 -0.181317
0.5 -0.280219
0.48374 -0.313186
0.4187 -0.423076
0.37805 -0.478022
0.32927 -0.489011
0.28862 -0.5
0.23984 -0.5
0.182928 -0.467033
0.0934969 -0.37912
0.0528459 -0.302197
0.0121957 -0.203295
-0.0203255 -0.104394
-0.101627 0.0934085
-0.126017 0.170331
-0.174798 0.29121
-0.191058 0.324177
-0.239839 0.4011
-0.264229 0.434066
-0.280489 0.456044
-0.337399 0.489011
-0.36179 0.5
-0.39431 0.5
-0.41057 0.5
-0.44309 0.489011
-0.45122 0.478022
-0.46748 0.456044
-0.48374 0.412089
-0.49187 0.346155
-0.5 0.214287
-0.5 0.148353
-0.5 0.104397
-0.499999 0.0384632
-0.499999 0.0274746
-0.49187 0.00549646
-
1
0.197245 0.191491
0.197244 0.244682
0.188069 0.276597
0.178894 0.361703
0.16972 0.393618
0.169719 0.425532
0.15137 0.468085
0.133021 0.489361
0.114673 0.5
0.105498 0.5
0.0963243 0.5
0.050453 0.5
0.032105 0.5
0.0137556 0.489361
-0.00459238 0.468085
-0.0229403 0.436171
-0.0321143 0.393618
-0.0504623 0.340426
-0.0779842 0.202129
-0.0871575 0.138299
-0.105505 0.0531933
-0.105505 1.6649e-006
-0.105505 -0.0531896
-0.105505 -0.0957433
-0.105504 -0.138296
-0.105503 -0.244679
-0.0963279 -0.297871
-0.0963279 -0.351063
-0.0963279 -0.37234
-0.0963279 -0.393616
-0.123851 -0.414893
-0.142199 -0.425531
-0.178896 -0.425531
-0.243116 -0.425531
-0.279814 -0.425531
-0.362383 -0.37234
-0.380731 -0.351063
-0.444952 -0.255318
-0.463301 -0.202126
-0.48165 -0.11702
-0.499999 0.0106404
-0.499999 0.0638312
-0.5 0.180853
-0.5 0.212767
-0.5 0.244682
-0.472478 0.287235
-0.454129 0.297873
-0.417432 0.308512
-0.380735 0.308512
-0.353212 0.308512
-0.279818 0.276597
-0.243121 0.234044
-0.133029 0.117023
-0.0779821 0.042555
-0.022936 -0.0425512
0.114679 -0.223403
0.1789 -0.319148
0.243122 -0.393616
0.279819 -0.446808
0.325692 -0.478723
0.353214 -0.5
0.408261 -0.5
0.417435 -0.5
0.463305 -0.43617
0.481653 -0.382978
0.490826 -0.319148
0.5 -0.202126
0.499999 -0.138296
0.48165 -0.0744666
0.4633 -0.0106367
0.435777 0.0638312
0.408253 0.117023
0.353207 0.212767
0.334858 0.25532
0.316509 0.276597
0.29816 0.297873
0.279811 0.308512
0.270637 0.31915
0.261462 0.329789
0.261462 0.340426
0.252288 0.340426
0.252288 0.351065
0.252288 0.361703
-
1
0.393617 0.0340924
0.393617 0.011365
0.393617 -0.0113624
0.393617 -0.0340897
0.372341 -0.079544
0.32979 -0.159089
0.297874 -0.181817
0.287236 -0.193181
0.276598 -0.193181
0.244683 -0.204545
0.234045 -0.204545
0.191491 -0.204545
0.170215 -0.193181
0.148937 -0.170453
0.127661 -0.159089
0.106385 -0.136362
0.0851079 -0.0909073
0.0425535 0.011365
0.0106371 0.0795467
-0.0106396 0.159092
-0.0319172 0.284092
-0.0531948 0.34091
-0.0851104 0.420455
-0.106387 0.454546
-0.117025 0.477273
-0.127663 0.488636
-0.138302 0.5
-0.14894 0.5
-0.180855 0.5
-0.191493 0.5
-0.212769 0.5
-0.255323 0.465909
-0.2766 0.443182
-0.308514 0.420455
-0.372343 0.352273
-0.404257 0.306819
-0.436172 0.250001
-0.457448 0.170456
-0.478724 0.102274
-0.489362 0.0227287
-0.5 -0.147726
-0.5 -0.204545
-0.489361 -0.272726
-0.468083 -0.318181
-0.42553 -0.374999
-0.382976 -0.420454
-0.265954 -0.5
-0.23404 -0.5
-0.148932 -0.477273
-0.117018 -0.443182
-0.074465 -0.40909
2.49737e-006 -0.272726
0.0425552 -0.204545
0.106383 -0.0340897
0.127659 0.0568198
0.159573 0.125001
0.202126 0.272728
0.23404 0.329546
0.265954 0.409092
0.276591 0.431819
0.308506 0.465909
0.319144 0.465909
0.329783 0.465909
0.361697 0.465909
0.372336 0.465909
0.382974 0.443182
0.425528 0.386364
0.446806 0.329546
0.478721 0.204547
0.499999 0.136365
0.5 0.0909108
0.5 0.0340924
0.5 0.0227291
0.5 1.77842e-006
-
1
-0.146017 -0.0256392
-0.154867 -0.0256392
-0.163716 -0.0512804
-0.199114 -0.115383
-0.225662 -0.141024
-0.252211 -0.166666
-0.323007 -0.179486
-0.349555 -0.179486
-0.393804 -0.179486
-0.411503 -0.166666
-0.429202 -0.141024
-0.45575 -0.115383
-0.464601 -0.0769215
-0.482299 -0.0256392
-0.499999 0.0256427
-0.5 0.115386
-0.5 0.179489
-0.5 0.269232
-0.482301 0.358976
-0.473453 0.423077
-0.446903 0.461539
-0.429206 0.48718
-0.411506 0.48718
-0.384958 0.5
-0.367259 0.5
-0.33186 0.5
-0.296462 0.5
-0.252215 0.448718
-0.207967 0.397437
-0.154869 0.333335
-0.101771 0.230771
-0.0398241 0.128207
0.0132742 1.50482e-006
0.0752219 -0.115383
0.11947 -0.217948
0.154869 -0.320512
0.199118 -0.397435
0.261065 -0.474359
0.287614 -0.5
0.305313 -0.5
0.331862 -0.474359
0.393808 -0.384615
0.429206 -0.320512
0.482301 -0.153845
0.5 -0.0769215
0.499997 0.0897451
0.499997 0.128207
0.482297 0.192309
0.4292 0.282052
0.393801 0.307694
0.305306 0.346155
0.243359 0.346154
0.190262 0.346154
0.119466 0.307694
0.0575199 0.269232
0.0044229 0.230771
-0.0309755 0.192309
-0.0752219 0.128207
-0.11062 0.064104
-0.137167 1.50482e-006
-0.172566 -0.0641009
-0.199114 -0.115383
-0.216813 -0.166666
-0.234511 -0.192307
-0.234511 -0.205126
-0.243361 -0.205126
-
1
-0.00364924 -0.112902
-0.00364924 -0.0806437
0.0109489 0.0161304
0.0620433 0.129034
0.113137 0.274194
0.171531 0.370969
0.281019 0.5
0.354011 0.5
0.383209 0.5
0.412406 0.467743
0.463501 0.370969
0.4854 0.274195
0.5 0.096776
0.5 -0.0161272
0.456205 -0.241934
0.427009 -0.322579
0.397813 -0.403225
0.32482 -0.5
0.295623 -0.5
0.266426 -0.5
0.237229 -0.5
0.200732 -0.467741
0.171535 -0.435483
0.135038 -0.387096
0.098542 -0.322579
0.0693441 -0.258063
0.0328471 -0.177418
0.00364981 -0.0806437
-0.0328466 -0.0161272
-0.0620439 0.0645178
-0.0985408 0.161292
-0.127738 0.241937
-0.156935 0.306453
-0.178833 0.35484
-0.200731 0.419356
-0.21533 0.435484
-0.237228 0.451614
-0.251826 0.467743
-0.273724 0.467743
-0.295622 0.467743
-0.31752 0.467743
-0.354016 0.419356
-0.368614 0.387098
-0.397811 0.338711
-0.412409 0.290324
-0.434307 0.225808
-0.456204 0.129034
-0.470803 0.0322601
-0.485402 -0.0483855
-0.492701 -0.12903
-0.5 -0.193546
-0.4927 -0.30645
-0.478101 -0.387096
-0.412408 -0.5
-0.383211 -0.5
-0.332116 -0.5
-0.302919 -0.451612
-0.266423 -0.403226
-0.208029 -0.258063
-0.178831 -0.209676
-0.127738 -0.0645146
-0.113139 -0.0322564
-0.0985402 -0.0161272
-0.0912412 0.0322601
-0.0693435 0.0645178
-0.0693441 0.0806469
-0.0620445 0.096776
-0.0547448 0.096776
-
1
0.00735271 0.0362329
0.00735214 0.0507257
0.0147054 0.0507257
0.0441163 0.123189
0.080881 0.210146
0.264703 0.456522
0.316174 0.485507
0.389702 0.485507
0.411761 0.485507
0.455879 0.442029
0.463232 0.384059
0.485292 0.297102
0.492646 0.224639
0.499999 0.12319
0.499999 0.0362329
0.5 -0.0362306
0.463236 -0.181158
0.441178 -0.268115
0.360296 -0.39855
0.316179 -0.456522
0.24265 -0.5
0.213238 -0.5
0.183826 -0.5
0.110296 -0.442029
0.0882372 -0.384057
0.0220599 -0.253623
-0.0147054 -0.152173
-0.0441174 -0.0652163
-0.102942 0.137682
-0.132354 0.224638
-0.176472 0.355073
-0.198531 0.413044
-0.213237 0.442029
-0.235295 0.471014
-0.257355 0.5
-0.279413 0.5
-0.301472 0.5
-0.330884 0.5
-0.352942 0.5
-0.382354 0.5
-0.39706 0.456522
-0.419119 0.442029
-0.433824 0.398551
-0.44853 0.369565
-0.463236 0.326087
-0.477942 0.253624
-0.485295 0.181161
-0.492647 0.0942042
-0.5 0.00724783
-0.5 -0.0652163
-0.5 -0.123188
-0.492646 -0.210144
-0.477941 -0.23913
-0.42647 -0.282608
-0.397058 -0.2971
-0.316175 -0.2971
-0.279411 -0.2971
-0.242646 -0.2971
-0.183822 -0.224636
-0.161764 -0.181159
-0.117647 -0.0797091
-0.0882354 -0.0362306
-0.0808827 -0.00724556
-0.058824 0.0507257
-0.0514713 0.0797108
-0.0294126 0.0942042
-0.0220599 0.123189
-0.0147066 0.137682
-0.00735386 0.152175
-1.15075e-006 0.152175
-5.75375e-007 0.166667
-
1
-0.380342 0.178573
-0.380342 0.190477
-0.380342 0.238097
-0.380342 0.273811
-0.363248 0.357144
-0.354701 0.404763
-0.337607 0.440477
-0.303419 0.47619
-0.286325 0.488096
-0.24359 0.5
-0.217949 0.5
-0.200855 0.5
-0.166667 0.464287
-0.141026 0.416667
-0.0897443 0.273811
-0.0555561 0.166668
-0.0299152 0.0595253
0.0213678 -0.130951
0.0384613 -0.190475
0.0726502 -0.285713
0.0897443 -0.321428
0.115385 -0.357142
0.175215 -0.428571
0.200856 -0.464285
0.243591 -0.488095
0.303421 -0.5
0.329061 -0.47619
0.405985 -0.357142
0.457266 -0.261904
0.5 -0.0476173
0.499999 0.047621
0.499999 0.142858
0.482905 0.261906
0.46581 0.32143
0.423075 0.380953
0.405981 0.392858
0.38034 0.404763
0.303417 0.416667
0.269229 0.416667
0.200853 0.416667
0.166666 0.380953
0.141025 0.357144
0.0982897 0.309525
0.0726489 0.261906
0.00427336 0.107145
-0.047009 1.39733e-006
-0.0897437 -0.0714268
-0.132479 -0.17857
-0.158119 -0.238094
-0.192307 -0.285713
-0.209402 -0.309523
-0.235043 -0.333332
-0.286325 -0.392856
-0.311966 -0.416666
-0.32906 -0.416666
-0.337607 -0.416666
-0.346154 -0.416666
-0.354701 -0.416666
-0.371795 -0.416666
-0.388889 -0.380951
-0.41453 -0.345237
-0.440172 -0.261904
-0.465812 -0.166665
-0.482906 -0.0714268
-0.5 0.0357162
-0.5 0.154764
-0.5 0.226192
-0.5 0.309525
-0.5 0.345239
-0.5 0.380953
-0.5 0.392858
-0.5 0.416667
-0.491453 0.416667
-0.482906 0.416667
-
1
-0.394737 -0.0340893
-0.394737 -0.0795441
-0.387218 -0.15909
-0.379699 -0.215908
-0.364662 -0.249999
-0.342106 -0.306818
-0.259398 -0.329545
-0.236842 -0.329545
-0.169173 -0.272726
-0.139098 -0.238636
-0.0939856 -0.136363
-0.0714294 -0.0681804
-0.0488729 0.011365
-0.0187981 0.159092
-0.00376045 0.227274
0.0263146 0.306819
0.0338329 0.352273
0.0639079 0.375001
0.116539 0.443182
0.139095 0.454545
0.191727 0.46591
0.221801 0.46591
0.259395 0.443182
0.29699 0.386364
0.334584 0.295455
0.394734 0.170456
0.462404 -0.113635
0.484961 -0.215908
0.499999 -0.374999
0.499999 -0.409091
0.5 -0.443182
0.484963 -0.488637
0.477444 -0.488637
0.454888 -0.5
0.417293 -0.5
0.394737 -0.5
0.327068 -0.443182
0.296992 -0.409091
0.266917 -0.352272
0.191728 -0.204544
0.146615 -0.102271
0.0639085 0.113637
0.0338335 0.21591
-0.0338358 0.34091
-0.0563923 0.375001
-0.0864671 0.409091
-0.146617 0.454545
-0.176692 0.477272
-0.221805 0.488637
-0.25188 0.5
-0.296993 0.5
-0.327067 0.5
-0.349624 0.5
-0.394736 0.465909
-0.409774 0.454545
-0.43233 0.397728
-0.439849 0.352273
-0.477443 0.181819
-0.484962 0.102274
-0.499999 0.0227287
-0.499999 -0.102271
-0.5 -0.136363
-0.5 -0.170453
-0.5 -0.181817
-0.5 -0.19318
-0.5 -0.204544
-0.492481 -0.204544
-0.492481 -0.215908
-0.484962 -0.215908
-
1
-0.413793 0.0465127
-0.413793 0.0348852
-0.413793 0.0232573
-0.413793 -0.0116266
-0.396552 -0.151161
-0.37931 -0.244185
-0.344828 -0.337208
-0.310345 -0.418604
-0.267241 -0.465116
-0.232759 -0.5
-0.206897 -0.5
-0.181035 -0.5
-0.146552 -0.5
-0.103448 -0.465116
-0.0689656 -0.406976
-0.0344826 -0.348836
-0.00862041 -0.290697
0.0431031 -0.0465105
0.0603442 0.0348852
0.0862064 0.220932
0.103448 0.302326
0.112068 0.348837
0.129309 0.441861
0.14655 0.465116
0.181033 0.5
0.198274 0.5
0.241377 0.5
0.267239 0.5
0.293101 0.476744
0.362067 0.372093
0.39655 0.302326
0.431033 0.209303
0.456895 0.127908
0.482758 0.0581411
0.491379 -0.0232545
0.499999 -0.104649
0.499999 -0.151162
0.5 -0.279069
0.465518 -0.372092
0.448277 -0.395348
0.396552 -0.418604
0.379311 -0.418604
0.344828 -0.38372
0.318966 -0.372092
0.284483 -0.325581
0.224137 -0.232557
0.206896 -0.16279
0.163792 -0.0697664
0.129309 1.36484e-006
0.0948265 0.0697687
0.068965 0.127908
0.00862041 0.220932
-0.0258626 0.244187
-0.0603452 0.267443
-0.0948275 0.279071
-0.129311 0.290698
-0.155172 0.290698
-0.215517 0.290698
-0.301724 0.244187
-0.37931 0.127908
-0.413793 0.0813966
-0.456896 -0.0116266
-0.482758 -0.058138
-0.491379 -0.116278
-0.5 -0.209301
-0.5 -0.244185
-0.5 -0.279069
-0.5 -0.290697
-
1
-0.0333335 0.147061
-0.0333335 0.161766
-0.0166674 0.176472
0.049999 0.279413
0.116665 0.323531
0.241664 0.411765
0.291665 0.411765
0.358331 0.39706
0.391665 0.338237
0.433331 0.250002
0.474998 0.0441195
0.491666 -0.058822
0.5 -0.264705
0.5 -0.323528
0.5 -0.367646
0.466667 -0.441176
0.450001 -0.441176
0.383334 -0.441176
0.341667 -0.441176
0.291667 -0.411764
0.191667 -0.294116
0.158333 -0.235293
0.0833331 -0.073528
0.0499996 0.029413
0.0249992 0.117649
-0.0250005 0.279413
-0.0416672 0.338237
-0.0750007 0.426472
-0.108334 0.470589
-0.125 0.485295
-0.166667 0.5
-0.191667 0.5
-0.275 0.441177
-0.316667 0.39706
-0.35 0.352942
-0.416666 0.250002
-0.441666 0.176472
-0.483333 -0.0147036
-0.491666 -0.0882333
-0.5 -0.191175
-0.5 -0.308822
-0.491666 -0.382352
-0.458333 -0.455882
-0.441667 -0.470588
-0.408333 -0.485294
-0.341667 -0.5
-0.3 -0.5
-0.25 -0.485294
-0.199999 -0.441176
-0.15 -0.382352
-0.0416669 -0.205881
-0.0166664 -0.161764
0.0249998 1.15074e-006
0.0249998 0.0441195
0.0249998 0.0882368
0.0333329 0.117649
0.0416659 0.132355
0.0499996 0.147061
-
1
-0.0447168 -0.069619
-0.0447162 -0.0569607
-0.0284566 -0.0189862
0.0121938 0.0443053
0.0691037 0.120255
0.142274 0.170887
0.207314 0.196204
0.264224 0.208862
0.313005 0.208862
0.369916 0.170887
0.410566 0.120255
0.451216 0.031647
0.499998 -0.13291
0.499999 -0.284809
0.5 -0.3481
0.48374 -0.411392
0.40244 -0.474683
0.361789 -0.5
0.272358 -0.5
0.223577 -0.5
0.142277 -0.436708
0.109756 -0.398734
0.0609758 -0.3481
0.0365851 -0.284809
0.00406459 -0.208859
-0.0284559 -0.13291
-0.0691069 -0.0443023
-0.093497 0.0569631
-0.126018 0.170887
-0.150408 0.246837
-0.174798 0.322786
-0.199189 0.398735
-0.223579 0.436709
-0.239839 0.474684
-0.264229 0.5
-0.280489 0.5
-0.296749 0.5
-0.304879 0.5
-0.321139 0.474684
-0.34553 0.449367
-0.36992 0.398735
-0.41057 0.335444
-0.44309 0.259495
-0.46748 0.183545
-0.48374 0.132913
-0.49187 0.0822798
-0.5 0.031647
-0.5 -0.00632742
-0.5 -0.0443023
-0.5 -0.120252
-0.49187 -0.170885
-0.47561 -0.246835
-0.443089 -0.297468
-0.426829 -0.322784
-0.402439 -0.3481
-0.369919 -0.360759
-0.337398 -0.360759
-0.304878 -0.360759
-0.264228 -0.335442
-0.223577 -0.297468
-0.174797 -0.246835
-0.134147 -0.183543
-0.093497 -0.120252
-0.0365864 -0.031644
-0.0203268 0.031647
-0.0121969 0.0443053
-0.0040665 0.0569631
-0.0040665 0.0822798
-
1
-0.0901638 0.0205494
-0.0901638 0.0342481
-0.114754 0.0616449
-0.172131 0.130138
-0.196721 0.157536
-0.245902 0.184933
-0.303279 0.198631
-0.327869 0.198631
-0.377049 0.198631
-0.409836 0.184933
-0.434426 0.143837
-0.47541 0.0342481
-0.491803 -0.116437
-0.5 -0.171232
-0.5 -0.239725
-0.5 -0.308218
-0.491803 -0.349314
-0.467212 -0.417808
-0.409835 -0.486301
-0.377048 -0.5
-0.344261 -0.5
-0.295081 -0.458904
-0.2459 -0.417808
-0.19672 -0.321917
-0.131146 -0.239725
-0.0737695 -0.130136
-0.00819583 -0.0342449
0.0409836 0.0616449
0.0901638 0.157536
0.14754 0.239727
0.188523 0.321919
0.213113 0.376713
0.254096 0.417808
0.286883 0.458905
0.303277 0.486302
0.327867 0.486302
0.377047 0.5
0.39344 0.5
0.450817 0.445206
0.475408 0.390411
0.491802 0.321919
0.499999 0.198631
0.5 0.130138
0.483608 -0.00684747
0.467214 -0.0890396
0.434428 -0.143834
0.385248 -0.239725
0.368854 -0.253424
0.344264 -0.267123
0.311477 -0.280821
0.27869 -0.280821
0.245904 -0.253424
0.196723 -0.212327
0.147542 -0.143834
0.106558 -0.0890396
0.0655743 -0.0479441
0.0409836 -0.00684801
0.00819711 0.0205494
-0.0409836 0.0753442
-0.0655737 0.102741
-0.0819673 0.11644
-0.0901638 0.130138
-0.106557 0.143837
-0.122951 0.157536
-0.131147 0.157536
-
1
-0.0488732 0.161539
-0.0563923 0.161539
-0.0864677 0.207693
-0.169174 0.315386
-0.221806 0.361538
-0.266919 0.407693
-0.349625 0.438461
-0.3797 0.438461
-0.402257 0.438461
-0.432331 0.407693
-0.447369 0.361538
-0.469925 0.207693
-0.484962 0.100001
-0.5 -0.0538449
-0.5 -0.115383
-0.492481 -0.223076
-0.447368 -0.315384
-0.379699 -0.361538
-0.334586 -0.376923
-0.289473 -0.376923
-0.236842 -0.330769
-0.184211 -0.284615
-0.139098 -0.23846
-0.0338355 -0.0999995
0.00375839 -0.0230755
0.0413523 0.069232
0.0789456 0.176924
0.101501 0.269231
0.124057 0.346154
0.139095 0.392308
0.154133 0.423077
0.161651 0.438461
0.176689 0.469231
0.184207 0.469231
0.199245 0.469231
0.221801 0.469231
0.244357 0.469231
0.274433 0.469231
0.312026 0.438461
0.349621 0.361538
0.394734 0.238462
0.439847 0.069232
0.469924 -0.115383
0.492481 -0.284615
0.5 -0.392307
0.462407 -0.5
0.432331 -0.5
0.387219 -0.5
0.312031 -0.5
0.259399 -0.484615
0.161654 -0.361538
0.109023 -0.284615
0.0187961 -0.0999995
-0.0864671 0.115385
-0.161656 0.315386
-0.184212 0.392308
-0.221806 0.484615
-0.236843 0.5
-
1
-0.0153847 -0.112498
-0.0153841 -0.0999984
-0.00769207 -0.0624986
0 -0.0249983
0.046153 0.0750016
0.0999994 0.200002
0.169229 0.325001
0.307689 0.4875
0.361535 0.5
0.423073 0.5
0.446151 0.475001
0.469227 0.450001
0.476919 0.412501
0.492305 0.362501
0.499997 0.275001
0.499998 0.162501
0.499999 0.0250017
0.5 -0.0999984
0.453847 -0.299999
0.438463 -0.374999
0.415387 -0.4125
0.39231 -0.4625
0.376926 -0.475
0.361541 -0.4875
0.338464 -0.5
0.315387 -0.5
0.29231 -0.4875
0.26154 -0.45
0.223079 -0.399999
0.184616 -0.337499
0.146155 -0.262499
0.107693 -0.199999
0.0307695 -0.049998
-0.0153847 0.0125016
-0.0923079 0.125002
-0.138462 0.175001
-0.184616 0.212501
-0.261539 0.250002
-0.300001 0.250002
-0.330769 0.250002
-0.407692 0.250002
-0.430769 0.250002
-0.461539 0.237501
-0.476923 0.225001
-0.492308 0.175001
-0.5 0.125002
-0.5 0.0875012
-0.5 -0.049998
-0.499999 -0.137499
-0.46923 -0.262499
-0.438461 -0.324999
-0.407692 -0.3625
-0.353846 -0.374999
-0.315384 -0.374999
-0.253845 -0.312499
-0.223076 -0.262499
-0.184615 -0.212499
-0.123077 -0.0874988
-0.1 -0.0374988
-0.061539 0.0500014
-0.0384622 0.0750016
-0.0307695 0.0875012
-0.0307695 0.100002
-0.0153847 0.100002
-0.00769268 0.112501
