-
0
-0.156714 -0.5
-0.156713 -0.496815
-0.156714 -0.490446
-0.164176 -0.461782
-0.17164 -0.394902
-0.17164 -0.242032
-0.186566 -0.0668714
-0.186567 0.0891794
-0.186567 0.216567
-0.208956 0.308922
-0.208956 0.3758
-0.223882 0.420384
-0.231344 0.455415
-0.238807 0.471338
-0.238807 0.480892
-0.238807 0.484077
-0.238807 0.487262
-0.238807 0.490446
-0.223882 0.480892
-0.171643 0.449046
-0.0746287 0.394907
0.0447737 0.324845
0.186565 0.251598
0.276118 0.203828
0.350745 0.175166
0.41791 0.156058
0.462686 0.140134
0.485074 0.133765
0.5 0.13058
0.5 0.127396
0.5 0.124211
0.485074 0.124211
0.455224 0.124211
0.410448 0.124211
0.320896 0.121026
0.208955 0.117842
0.052239 0.114657
-0.134328 0.108288
-0.261194 0.105103
-0.365672 0.105103
-0.440299 0.105103
-0.477612 0.105103
-0.492537 0.105103
-0.5 0.108288
-0.5 0.111472
-0.5 0.114657
-0.5 0.117842
-0.477612 0.146504
-0.432835 0.18472
-0.365671 0.245229
-0.291045 0.324845
-0.231344 0.382169
-0.194031 0.420384
-0.164181 0.452231
-0.149256 0.474523
-0.149256 0.487262
-0.149256 0.493631
-0.149256 0.496815
-0.149256 0.5
-
0
0.180678 -0.5
0.180678 -0.493671
0.163871 -0.481012
0.155467 -0.446201
0.13866 -0.386073
0.138659 -0.259488
0.138658 -0.0949293
0.138657 0.0569696
0.12185 0.170893
0.113446 0.268993
0.0966389 0.348105
0.0882355 0.392408
0.0882353 0.427217
0.0714286 0.458862
0.0714283 0.477849
0.0630252 0.493671
0.0630249 0.496835
0.0630252 0.5
0.0546213 0.496835
0.0462185 0.487342
0.00420193 0.468355
-0.0546211 0.439875
-0.147058 0.401901
-0.256301 0.348105
-0.357142 0.297473
-0.449579 0.262664
-0.47479 0.250006
-0.5 0.243677
-0.5 0.250006
-0.474789 0.25317
-0.432773 0.262664
-0.373949 0.272157
-0.315125 0.281651
-0.239495 0.291144
-0.138655 0.300638
-0.0378144 0.300638
0.0714293 0.300638
0.180672 0.300638
0.281513 0.297473
0.37395 0.291144
0.432773 0.291144
0.47479 0.28798
0.5 0.28798
0.483194 0.294309
0.466386 0.310131
0.415966 0.329118
0.357143 0.35127
0.289916 0.37975
0.214285 0.411395
0.163865 0.439875
0.0966384 0.458862
0.0630252 0.477849
0.0462182 0.490507
0.0294115 0.496835
0.0294118 0.5
-
0
0.177689 -0.5
0.169424 -0.497537
0.14463 -0.485221
0.119836 -0.458127
0.0867769 -0.408864
0.0289238 -0.325117
-0.0289284 -0.221667
-0.0619863 -0.118217
-0.0867796 -0.00984229
-0.0867788 0.0788274
-0.0867784 0.165034
-0.0867779 0.224146
-0.0867776 0.266017
-0.0867776 0.295573
-0.0785127 0.325129
-0.0454549 0.352222
-0.0206615 0.371926
0.00413152 0.384241
0.045454 0.391629
0.0702474 0.394093
0.11157 0.394093
0.161156 0.394093
0.227272 0.386703
0.309916 0.379315
0.392561 0.364537
0.442148 0.347296
0.475206 0.330055
0.491735 0.320203
0.5 0.302962
0.5 0.29311
0.5 0.285721
0.466943 0.273406
0.417356 0.266017
0.35124 0.258628
0.268595 0.251239
0.177686 0.238924
0.0867762 0.233998
0.0123963 0.231535
-0.0867779 0.231535
-0.169423 0.231535
-0.235539 0.238924
-0.29339 0.248776
-0.351241 0.258628
-0.392563 0.273406
-0.450415 0.288184
-0.475208 0.302962
-0.491736 0.327592
-0.5 0.349759
-0.5 0.369463
-0.499999 0.396555
-0.483469 0.418722
-0.442147 0.443352
-0.409089 0.460593
-0.367766 0.472907
-0.31818 0.485222
-0.268593 0.492611
-0.227271 0.497537
-0.202478 0.5
-
0
0.126098 -0.5
0.108706 -0.484978
0.100009 -0.444204
0.0826166 -0.362655
0.0826154 -0.251064
0.0826141 -0.135183
0.0826131 -0.0300315
0.0826118 0.0794104
0.126089 0.186705
0.160871 0.259665
0.169566 0.285415
0.152175 0.287561
0.134783 0.289707
0.117392 0.289707
0.100001 0.291853
0.073914 0.293999
0.0565226 0.296145
0.0130443 0.296145
-0.0565206 0.296145
-0.160868 0.287561
-0.256521 0.270394
-0.352173 0.251082
-0.413043 0.231769
-0.473913 0.212456
-0.491304 0.19958
-0.5 0.190997
-0.5 0.188851
-0.482609 0.186705
-0.456522 0.184559
-0.37826 0.182413
-0.273912 0.182413
-0.00434607 0.193143
0.134785 0.203872
0.247828 0.216747
0.34348 0.231769
0.40435 0.24679
0.465218 0.263957
0.491305 0.281124
0.5 0.302582
0.499999 0.328333
0.473911 0.356229
0.430433 0.390562
0.378258 0.420604
0.326084 0.442063
0.265215 0.459229
0.213041 0.469958
0.169564 0.480688
0.126085 0.489271
0.11739 0.495708
0.11739 0.5
-
0
-0.132076 0.479043
-0.113208 0.473055
-0.0566043 0.458085
0.0283005 0.437128
0.141508 0.4012
0.283017 0.34731
0.349056 0.31737
0.396225 0.299406
0.45283 0.281443
0.471698 0.275455
0.481132 0.272461
0.490566 0.269467
0.490566 0.266473
0.5 0.266473
0.5 0.260485
0.5 0.254497
0.5 0.248509
0.490566 0.239527
0.415094 0.224557
0.367925 0.218569
0.311321 0.212582
0.245283 0.209588
0.169811 0.206594
0.0943399 0.206594
0.00943424 0.206594
-0.0660378 0.206594
-0.169812 0.215576
-0.330189 0.233539
-0.5 0.290425
-0.5 0.311382
-0.499999 0.335334
-0.462263 0.368267
-0.415093 0.398207
-0.349055 0.428146
-0.292452 0.449103
-0.216981 0.467067
-0.150943 0.482037
-0.0849062 0.491018
-0.028303 0.497006
-1.10734e-006 0.497006
0.0283002 0.5
0.0471682 0.5
0.0566019 0.5
0.0660358 0.497006
0.0754701 0.488024
0.0943377 0.473055
0.103772 0.449103
0.113206 0.410182
0.113206 0.34731
0.113208 0.242521
0.113209 0.104798
0.11321 -0.032926
0.0754745 -0.149693
0.075475 -0.239515
0.0566071 -0.314366
0.0566077 -0.359278
0.0566079 -0.398201
0.0660422 -0.43413
0.0849109 -0.467065
0.0943452 -0.485029
0.103779 -0.497006
0.103779 -0.5
-
0
-0.103603 0.480001
-0.121621 0.477501
-0.139639 0.472501
-0.193693 0.457502
-0.265765 0.435002
-0.337837 0.410003
-0.391891 0.385004
-0.445945 0.362505
-0.5 0.322506
-0.5 0.315006
-0.5 0.310006
-0.490991 0.305006
-0.454955 0.297506
-0.40991 0.290007
-0.346847 0.282507
-0.265765 0.275007
-0.184684 0.267507
-0.112612 0.265007
-0.0405393 0.265007
0.0315329 0.265007
0.121623 0.275007
0.220723 0.287507
0.301803 0.305006
0.373876 0.320006
0.427929 0.335005
0.472974 0.355005
0.490991 0.372504
0.5 0.385004
0.5 0.400003
0.499999 0.417503
0.454953 0.437502
0.409908 0.455002
0.355854 0.467501
0.3018 0.482501
0.247746 0.49
0.184683 0.495
0.13063 0.4975
0.0945935 0.4975
0.0675664 0.5
0.0495486 0.5
0.0315311 0.5
0.0225218 0.5
0.013513 0.5
-0.00450505 0.495
-0.0135141 0.4925
-0.0315319 0.49
-0.0315322 0.4875
-0.0315316 0.482501
-0.0405404 0.472501
-0.0585587 0.447502
-0.0675675 0.407503
-0.0855848 0.317506
-0.0855842 0.195008
-0.0855837 0.0600096
-0.0855832 -0.0824904
-0.0855827 -0.197492
-0.0855821 -0.292494
-0.0765723 -0.367495
-0.0315258 -0.434998
-0.0135069 -0.467499
-0.00449764 -0.487499
0.00451218 -0.495
0.00451218 -0.5
-0.022516 -0.4925
-0.0315253 -0.484999
-0.0405346 -0.474999
-0.0585532 -0.459998
-0.0675625 -0.447498
-
0
0.0842686 0.462767
0.106741 0.462767
0.117976 0.460108
0.16292 0.454789
0.207864 0.44681
0.286516 0.433513
0.353931 0.412237
0.466291 0.367026
0.488764 0.345749
0.499999 0.329792
0.5 0.319154
0.5 0.308516
0.477529 0.300538
0.365169 0.279262
0.297753 0.271283
0.219102 0.265964
0.005618 0.260645
-0.0955056 0.260645
-0.275281 0.268624
-0.353933 0.273943
-0.410113 0.281921
-0.477528 0.305857
-0.5 0.324473
-0.499999 0.380323
-0.466291 0.414896
-0.421347 0.444151
-0.264044 0.489362
-0.185393 0.497341
-0.061798 0.5
0.00561734 0.5
0.061797 0.489362
0.207864 0.438832
0.286516 0.380323
0.365169 0.281921
0.455063 -0.0159482
0.455066 -0.154247
0.45507 -0.348399
0.455071 -0.414891
0.455073 -0.476063
0.455073 -0.494681
0.455073 -0.5
-
0
0.0438572 0.5
0.0263133 0.5
-0.00877453 0.5
-0.0263184 0.5
-0.0614062 0.5
-0.114038 0.5
-0.166669 0.496441
-0.236844 0.485766
-0.307019 0.47509
-0.377194 0.453738
-0.429825 0.435945
-0.464912 0.411034
-0.5 0.379007
-0.5 0.350537
-0.5 0.329185
-0.464911 0.311392
-0.394736 0.293599
-0.289473 0.279364
-0.149122 0.275806
0.0263174 0.275806
0.166668 0.286482
0.30702 0.300716
0.394738 0.318509
0.464913 0.329185
0.5 0.34342
0.5 0.357655
0.499999 0.382565
0.447366 0.411034
0.412278 0.425269
0.342103 0.439503
0.254384 0.453738
0.184207 0.457297
0.0614011 0.460855
-0.0087735 0.460855
-0.096493 0.453738
-0.166668 0.435945
-0.236843 0.418151
-0.27193 0.393241
-0.289474 0.354096
-0.307016 0.304275
-0.307016 0.225984
-0.219293 0.0836366
-0.0964827 -0.0765057
0.0438737 -0.218856
0.166685 -0.339854
0.271953 -0.425265
0.342132 -0.5
-
0
-0.075745 -0.5
-0.085846 -0.49
-0.106049 -0.453332
-0.196963 -0.216661
-0.196966 -0.0366595
-0.21717 0.126674
-0.217173 0.263338
-0.217173 0.353337
-0.217174 0.406669
-0.227275 0.470001
-0.227276 0.49
-0.227276 0.496667
-0.227276 0.5
-0.217175 0.483334
-0.16667 0.463334
-0.0555591 0.423335
0.267674 0.313338
0.358584 0.283338
0.479797 0.250005
0.489898 0.246672
0.499999 0.243339
0.5 0.240006
0.459596 0.240006
0.378788 0.240006
0.287879 0.240006
-0.0151511 0.240006
-0.156566 0.236672
-0.419192 0.230006
-0.469697 0.230006
-0.489899 0.230006
-0.5 0.233339
-0.489899 0.240006
-0.479798 0.250005
-0.409091 0.280005
-0.297981 0.320004
-0.17677 0.37667
-0.0555591 0.423335
0.0656512 0.476667
0.0757527 0.483334
0.0757521 0.49
0.0757527 0.483334
-
0
0.5 -0.5
0.5 -0.496845
0.487499 -0.484226
0.462499 -0.44637
0.437495 -0.351731
0.43749 -0.146681
0.412485 0.0520582
0.362481 0.216095
0.324979 0.329657
0.262479 0.405365
0.237479 0.452683
0.212478 0.484228
0.199979 0.496846
0.199978 0.5
0.187479 0.493691
0.17498 0.484228
0.124982 0.465301
0.0249846 0.43691
-0.0875115 0.402211
-0.237506 0.354894
-0.337504 0.320194
-0.425002 0.291803
-0.475001 0.276031
-0.5 0.272876
-0.5 0.269722
-0.475001 0.276031
-0.412502 0.279185
-0.325004 0.288649
-0.237506 0.294958
-0.125009 0.304421
-0.0125121 0.31073
0.112484 0.313885
0.249981 0.317039
0.337479 0.317039
0.387478 0.317039
0.412477 0.317039
0.424977 0.320194
0.424977 0.323348
0.424977 0.326503
0.399977 0.332812
0.362477 0.34543
0.299979 0.367511
0.22498 0.389593
0.162481 0.411674
0.0999825 0.430601
0.0624836 0.446374
0.0499846 0.449528
0.0499839 0.452683
-
1
0.102739 0.068184
0.102739 0.0454568
0.0890402 2.33421e-006
0.0616427 -0.0909069
0.0205461 -0.204544
-0.0342491 -0.31818
-0.082195 -0.397726
-0.130141 -0.454545
-0.184936 -0.488636
-0.226032 -0.5
-0.273977 -0.5
-0.321923 -0.465909
-0.356169 -0.397726
-0.404114 -0.306817
-0.43151 -0.159089
-0.465756 0.0113656
-0.486302 0.159093
-0.5 0.261365
-0.5 0.306819
-0.5 0.329546
-0.486301 0.363637
-0.458903 0.363637
-0.431506 0.363637
-0.383561 0.363637
-0.328767 0.329546
-0.253425 0.272729
-0.157535 0.18182
-0.0342475 0.068184
0.0616425 -0.0568161
0.171232 -0.159089
0.246574 -0.204544
0.321917 -0.249998
0.369863 -0.261362
0.39726 -0.261362
0.417808 -0.227271
0.452055 -0.170453
0.472603 -0.0909069
0.493151 0.0227296
0.5 0.125002
0.5 0.204547
0.5 0.295456
0.479452 0.363637
0.458904 0.431819
0.431507 0.454546
0.390411 0.488636
0.356164 0.5
0.308219 0.5
0.253425 0.5
0.191781 0.465909
0.130137 0.409091
0.068493 0.30682
0.00684889 0.193184
-0.0410968 0.0795473
-0.0753437 2.33421e-006
-0.0958922 -0.0568161
-0.0958922 -0.0909069
-0.102742 -0.113634
-
1
0.0922333 0.305371
0.0792882 0.265103
0.0598707 0.19799
-0.0177996 -0.016775
-0.0857614 -0.144292
-0.150487 -0.244964
-0.215213 -0.312078
-0.266993 -0.338924
-0.312301 -0.345636
-0.389971 -0.298656
-0.422333 -0.244964
-0.451458 -0.164426
-0.490292 -0.016775
-0.5 0.0637618
-0.499999 0.144298
-0.493526 0.244969
-0.483816 0.338928
-0.461162 0.39933
-0.432035 0.453021
-0.406145 0.479866
-0.370547 0.5
-0.334948 0.5
-0.296114 0.479866
-0.247571 0.406042
-0.176374 0.29866
-0.101941 0.164433
-0.0242721 -0.0100635
0.0598701 -0.171138
0.186084 -0.419462
0.228156 -0.479866
0.273464 -0.5
0.312299 -0.5
0.364079 -0.45302
0.402914 -0.379193
0.438513 -0.298656
0.470875 -0.177849
0.493528 -0.0570434
0.5 0.0436276
0.5 0.130876
0.49029 0.224835
0.477345 0.29866
0.457927 0.352351
0.43851 0.406042
0.415856 0.439598
0.389966 0.473155
0.36084 0.486578
0.325242 0.486578
0.299352 0.486578
0.273462 0.486578
0.247572 0.473155
0.224919 0.453021
0.205501 0.419464
0.179612 0.34564
0.150486 0.258392
0.118123 0.164433
0.0889967 0.0973189
-
1
-0.00865076 0.0104927
-0.0155711 -0.0174791
-0.0259519 -0.0664305
-0.0501737 -0.15734
-0.0882363 -0.269229
-0.126299 -0.353145
-0.178203 -0.437062
-0.212805 -0.479021
-0.250868 -0.5
-0.28547 -0.5
-0.323532 -0.479021
-0.361595 -0.451049
-0.406577 -0.381118
-0.437719 -0.311187
-0.46886 -0.206291
-0.48962 -0.108388
-0.5 0.0174857
-0.499999 0.157346
-0.493077 0.297205
-0.472316 0.38112
-0.458474 0.444057
-0.437713 0.479021
-0.413492 0.493007
-0.37889 0.5
-0.337368 0.486014
-0.288925 0.444057
-0.226642 0.38112
-0.122837 0.227275
-0.0259517 0.0874158
0.0778544 -0.0664305
0.17128 -0.178319
0.254326 -0.283215
0.32353 -0.332166
0.382354 -0.339159
0.427337 -0.31818
0.461939 -0.276222
0.48616 -0.213284
0.496541 -0.143354
0.5 -0.0524444
0.489619 0.0314716
0.472317 0.108395
0.444636 0.178325
0.406573 0.234268
0.35467 0.283219
0.299307 0.318184
0.230103 0.318184
0.17474 0.318184
0.126297 0.304198
0.0847749 0.283219
0.0570933 0.255247
0.032872 0.227275
0.0121107 0.171332
-0.00519038 0.115388
-0.0190312 0.0454578
-0.0397926 -0.0454514
-0.0605542 -0.129368
-
1
0.0813961 0.146554
0.081396 0.129313
0.073644 0.0948304
0.0542643 0.0344856
0.0155044 -0.0862042
-0.0387593 -0.215515
-0.104651 -0.336205
-0.178295 -0.439655
-0.244187 -0.482758
-0.302327 -0.5
-0.352715 -0.5
-0.399227 -0.465517
-0.437986 -0.396551
-0.468993 -0.327584
-0.484497 -0.232756
-0.5 -0.112066
-0.499999 3.03562e-006
-0.492247 0.103451
-0.472866 0.198278
-0.441858 0.275864
-0.41085 0.318967
-0.37209 0.344829
-0.337207 0.344829
-0.286819 0.327588
-0.232556 0.275864
-0.162789 0.198278
-0.0852704 0.0603475
-0.00775143 -0.0862042
0.0736439 -0.189653
0.151164 -0.258618
0.213179 -0.293102
0.279071 -0.293102
0.344962 -0.232756
0.406978 -0.137929
0.449613 -0.03448
0.480621 0.0517272
0.5 0.146554
0.5 0.250002
0.488371 0.344829
0.468991 0.422415
0.445735 0.465518
0.410852 0.5
0.36434 0.5
0.310077 0.5
0.24031 0.439656
0.139535 0.327588
0.0658924 0.22414
0.00387685 0.146554
-0.0348828 0.0689684
-0.0775188 -0.0517211
-
1
-0.0167461 0.0595259
-0.016746 0.0714309
-0.00717683 0.107145
0.0215313 0.178573
0.0741629 0.285716
0.141148 0.392858
0.212918 0.464286
0.265549 0.488095
0.308611 0.488095
0.351673 0.488095
0.39952 0.428572
0.437798 0.345239
0.466506 0.226192
0.49043 0.107145
0.495215 0.0119071
0.5 -0.0714264
0.5 -0.15476
0.476077 -0.249998
0.442584 -0.333332
0.399522 -0.392856
0.342106 -0.416666
0.284689 -0.416666
0.222488 -0.380951
0.150718 -0.297618
0.0837323 -0.178569
0.0167467 -0.0595217
-0.0406695 0.0595259
-0.0837313 0.166669
-0.131578 0.273811
-0.169855 0.357144
-0.212917 0.428572
-0.24641 0.476191
-0.284687 0.5
-0.318179 0.5
-0.346887 0.5
-0.38038 0.452381
-0.409088 0.380953
-0.442582 0.273811
-0.461721 0.190478
-0.48086 0.107145
-0.495214 0.0238115
-0.499999 -0.0595217
-0.5 -0.142855
-0.5 -0.202379
-0.490431 -0.285713
-0.471293 -0.357142
-0.447369 -0.428571
-0.413877 -0.488095
-0.380384 -0.5
-0.322968 -0.5
-0.265551 -0.440476
-0.198565 -0.357142
-0.150718 -0.261903
-0.0933013 -0.15476
-0.0550237 -0.047617
-0.0215308 0.0476212
0.00717739 0.11905
0.0311008 0.178573
0.0550241 0.214287
0.0789475 0.238097
0.0980863 0.261906
0.12201 0.273811
0.145933 0.285716
0.174641 0.297621
-
1
0.0378497 0.0869609
0.0458178 0.114135
0.0816744 0.168482
0.153387 0.266308
0.24502 0.380437
0.316732 0.461957
0.364541 0.494565
0.420317 0.5
0.444221 0.478261
0.480078 0.396741
0.492031 0.342394
0.496015 0.277177
0.5 0.119569
0.480081 -0.00543042
0.46813 -0.173909
0.44821 -0.315215
0.440242 -0.413042
0.428291 -0.5
0.420323 -0.47826
0.40837 -0.461956
0.376497 -0.413042
0.328688 -0.347824
0.249006 -0.222823
0.157372 -0.092387
0.0537859 0.016309
-0.0338633 0.0978305
-0.105576 0.152178
-0.157369 0.190221
-0.189241 0.22283
-0.221113 0.250003
-0.233065 0.266308
-0.245017 0.277177
-0.252985 0.288046
-0.252985 0.293481
-0.260953 0.298916
-0.264937 0.304351
-0.272905 0.304351
-0.284858 0.309785
-0.300794 0.309785
-0.31673 0.309785
-0.332666 0.298916
-0.352586 0.282612
-0.376491 0.250003
-0.40438 0.206525
-0.436253 0.146743
-0.468126 0.0760913
-0.484063 0.016309
-0.496015 -0.0271695
-0.5 -0.0597782
-0.5 -0.0815174
-0.496016 -0.0978217
-0.476096 -0.1413
-0.444224 -0.173909
-0.404383 -0.206518
-0.360559 -0.217388
-0.308766 -0.217388
-0.24502 -0.173909
-0.15737 -0.0978217
-0.0737044 -0.0326042
-0.00597499 0.0489176
0.0418337 0.0978305
0.0816743 0.146743
0.101595 0.179352
0.113547 0.195656
0.117531 0.206525
0.125499 0.21196
-
1
-0.016244 0.0470142
-0.0198542 0.0470142
-0.0270744 0.0555613
-0.0379048 0.0641081
-0.0595653 0.0940227
-0.102887 0.145304
-0.189528 0.243594
-0.26895 0.320516
-0.348371 0.388891
-0.413352 0.414532
-0.456673 0.431625
-0.478333 0.444446
-0.481943 0.444446
-0.481944 0.423079
-0.485554 0.380344
-0.489165 0.316243
-0.499997 0.200859
-0.499999 0.0641081
-0.5 -0.0640969
-0.478341 -0.20085
-0.449461 -0.316236
-0.420581 -0.39316
-0.39892 -0.448717
-0.38087 -0.478632
-0.37004 -0.491453
-0.362819 -0.5
-0.359209 -0.5
-0.355599 -0.491453
-0.351989 -0.474358
-0.344768 -0.457264
-0.326717 -0.414528
-0.294225 -0.350424
-0.236462 -0.247859
-0.149819 -0.106832
-0.048735 0.0341937
0.171481 0.316243
0.254512 0.397438
0.308663 0.457266
0.341154 0.478633
0.355594 0.491453
0.370034 0.5
0.377254 0.5
0.388084 0.5
0.402525 0.491453
0.416965 0.470086
0.435016 0.444446
0.453066 0.414532
0.471117 0.380344
0.485558 0.341883
0.496388 0.303422
0.499999 0.264961
0.5 0.222227
0.5 0.179492
0.48556 0.128211
0.45668 0.0854757
0.427799 0.0470142
0.384478 0.0170997
0.337547 0.00855269
0.272565 0.00855269
0.185922 0.0384672
0.0740087 0.0854757
-0.0198541 0.136757
-0.102886 0.188039
-0.160648 0.230774
-0.207579 0.252141
-0.236459 0.269235
-0.2509 0.282055
-0.25451 0.286329
-
1
0.0409101 -0.0249972
0.04091 -0.0166642
0.0500011 0.0166693
0.0863646 0.091669
0.145456 0.200002
0.236364 0.358334
0.309091 0.45
0.363636 0.5
0.404545 0.5
0.436363 0.5
0.454545 0.483333
0.477272 0.441667
0.490908 0.400001
0.5 0.341668
0.5 0.266668
0.5 0.141669
0.472728 -0.0333308
0.445456 -0.233331
0.422729 -0.358332
0.413638 -0.433333
0.409093 -0.483334
0.409093 -0.491667
0.404547 -0.5
0.400002 -0.5
0.386366 -0.475
0.350001 -0.441666
0.295456 -0.374999
0.218183 -0.274998
0.118183 -0.133331
0.00454649 0.0250026
-0.0954528 0.150003
-0.195452 0.266668
-0.281815 0.366668
-0.331814 0.408334
-0.368177 0.433334
-0.399995 0.433334
-0.413632 0.433334
-0.431814 0.408334
-0.44545 0.358334
-0.459087 0.300002
-0.472724 0.233335
-0.486361 0.150002
-0.495452 0.0666691
-0.499998 -0.00833086
-0.499999 -0.0666642
-0.5 -0.116664
-0.5 -0.174998
-0.486364 -0.233331
-0.463637 -0.299998
-0.431819 -0.333332
-0.381819 -0.341665
-0.322728 -0.316665
-0.236364 -0.233331
-0.127272 -0.108331
-0.049999 0.00833599
-0.00454422 0.091669
0.027274 0.141669
0.0454558 0.158336
0.0636377 0.183336
0.0772741 0.191669
0.104547 0.208336
0.145456 0.233335
-
1
0.0118491 0.227274
0.0165882 0.237375
0.040285 0.277779
0.0924177 0.348486
0.163507 0.439394
0.244075 0.489899
0.305686 0.5
0.362558 0.5
0.409951 0.459596
0.443127 0.388889
0.471563 0.297981
0.49052 0.196972
0.499999 0.0858604
0.5 -0.0252506
0.5 -0.136362
0.476303 -0.237372
0.452607 -0.318181
0.419432 -0.40909
0.381517 -0.459596
0.329384 -0.5
0.277251 -0.5
0.220379 -0.459596
0.168246 -0.40909
0.0971562 -0.30808
0.0308054 -0.196968
-0.0402843 -0.0656546
-0.111374 0.0757597
-0.182463 0.196971
-0.234595 0.277779
-0.281988 0.358587
-0.324642 0.39899
-0.348338 0.409091
-0.376774 0.409091
-0.390992 0.39899
-0.414689 0.348486
-0.433646 0.28788
-0.457344 0.196971
-0.476302 0.106063
-0.49052 -0.0050484
-0.5 -0.0959575
-0.5 -0.156564
-0.495261 -0.21717
-0.481043 -0.277776
-0.443129 -0.328282
-0.405214 -0.358585
-0.36256 -0.358585
-0.281991 -0.287877
-0.177725 -0.136362
-0.0781986 0.00505225
0.0308061 0.18687
0.111375 0.318183
0.163507 0.378789
0.191943 0.429293
0.2109 0.449495
0.225118 0.459596
0.234597 0.459596
0.258293 0.469697
-
1
-0.0128199 0.231344
-0.0128199 0.24627
0.00769299 0.276121
0.0435902 0.320897
0.0846158 0.380598
0.13077 0.395523
0.171795 0.410448
0.21282 0.410448
0.258974 0.380598
0.330769 0.320897
0.407691 0.141793
0.453846 -0.0373115
0.489743 -0.186566
0.5 -0.276119
0.5 -0.33582
0.5 -0.380596
0.474359 -0.410447
0.438461 -0.440298
0.382051 -0.485074
0.315385 -0.5
0.238461 -0.5
0.141025 -0.440298
0.0435896 -0.33582
-0.0641024 -0.201491
-0.141025 -0.0820877
-0.223076 0.0522407
-0.284614 0.186569
-0.335895 0.305971
-0.371792 0.410448
-0.402561 0.485074
-0.423073 0.5
-0.43333 0.5
-0.438458 0.485074
-0.443586 0.440298
-0.453843 0.335822
-0.469229 0.171643
-0.479486 -0.00746133
-0.494871 -0.17164
-0.5 -0.291043
-0.5 -0.33582
-0.489744 -0.365671
-0.474359 -0.380596
-0.448718 -0.380596
-0.38718 -0.380596
-0.294872 -0.276119
-0.202564 -0.156715
-0.120512 -0.0223866
-0.064102 0.0820912
-0.0179481 0.156718
0.00256453 0.201494
0.0179491 0.231344
0.0230776 0.24627
0.0333338 0.261195
0.0538467 0.276121
